HPP Array is:
0 |1 |2 |3 |4 |5 |6 |7 |8 |9 |10|11|12|13|14|15|16|17|18|19|20|21|22|23|24|25|26|27|28|29|30|31|32|33|34|35|36|37|38|39|40|41|42|43|44|                                              0 |7 |18|21|20|21|16|3 |8 |12|16|18|15|15|3 |7 |13|20|20|21|15|3 |10|10|15|17|18|10|5 |6 |12|21|21|20|21|16|3 |9 |11|14|17|16|11|2 |0 |


VPP Array is:
0 |1 |2 |3 |4 |5 |6 |7 |8 |9 |10|11|12|13|14|15|16|17|18|19|20|21|22|23|24|25|26|27|28|29|30|31|32|33|34|35|36|37|38|39|40|41|42|43|44|45|46|47|48|49|                                                   0 |0 |1 |20|28|25|12|2 |1 |0 |16|18|21|14|14|7 |0 |1 |3 |25|30|26|11|5 |1 |1 |0 |12|22|27|21|8 |14|0 |0 |0 |14|21|24|29|17|2 |0 |0 |14|26|26|18|0 |0 |


HPPBin Array is:
0 |1 |2 |3 |4 |5 |6 |7 |8 |9 |10|11|12|13|14|15|16|17|18|19|20|21|22|23|24|25|26|27|28|29|30|31|32|33|34|35|36|37|38|39|40|41|42|43|44|                                              0 |1 |1 |1 |1 |1 |1 |1 |1 |1 |1 |1 |1 |1 |1 |1 |1 |1 |1 |1 |1 |1 |1 |1 |1 |1 |1 |1 |1 |1 |1 |1 |1 |1 |1 |1 |1 |1 |1 |1 |1 |1 |1 |0 |0 |


VPPBin Array is:
0 |1 |2 |3 |4 |5 |6 |7 |8 |9 |10|11|12|13|14|15|16|17|18|19|20|21|22|23|24|25|26|27|28|29|30|31|32|33|34|35|36|37|38|39|40|41|42|43|44|45|46|47|48|49|                                                   0 |0 |0 |1 |1 |1 |1 |0 |0 |0 |1 |1 |1 |1 |1 |1 |0 |0 |1 |1 |1 |1 |1 |1 |0 |0 |0 |1 |1 |1 |1 |1 |1 |0 |0 |0 |1 |1 |1 |1 |1 |0 |0 |0 |1 |1 |1 |1 |0 |0 |


The Reading direction is Vertical

The box information is: 
3
1 3 43 6
3
1 10 42 23
3
2 27 42 32
3
2 36 42 40
3
5 44 38 47
