HPP Array is:
0 |1 |2 |3 |4 |5 |6 |7 |8 |9 |10|11|12|13|14|15|16|17|18|19|20|21|22|23|24|25|26|27|28|29|30|31|32|33|34|35|36|37|38|39|40|41|42|43|44|                                              0 |1 |1 |19|24|25|1 |1 |1 |24|27|26|4 |1 |0 |1 |1 |8 |23|24|27|1 |1 |2 |25|28|26|8 |2 |1 |2 |1 |10|22|26|26|0 |1 |0 |25|27|26|18|1 |0 |


VPP Array is:
0 |1 |2 |3 |4 |5 |6 |7 |8 |9 |10|11|12|13|14|15|16|17|18|19|20|21|22|23|24|25|26|27|28|29|30|31|32|33|34|35|36|37|38|39|40|41|42|43|44|45|46|47|48|49|                                                   0 |7 |14|11|24|10|7 |5 |9 |10|10|13|14|8 |10|10|6 |9 |15|16|14|9 |6 |5 |6 |9 |11|16|18|20|14|8 |13|8 |12|10|13|16|16|10|10|3 |4 |8 |18|18|12|3 |0 |0 |


HPPBin Array is:
0 |1 |2 |3 |4 |5 |6 |7 |8 |9 |10|11|12|13|14|15|16|17|18|19|20|21|22|23|24|25|26|27|28|29|30|31|32|33|34|35|36|37|38|39|40|41|42|43|44|                                              0 |0 |0 |1 |1 |1 |0 |0 |0 |1 |1 |1 |1 |0 |0 |0 |0 |1 |1 |1 |1 |0 |0 |0 |1 |1 |1 |1 |0 |0 |0 |0 |1 |1 |1 |1 |0 |0 |0 |1 |1 |1 |1 |0 |0 |


VPPBin Array is:
0 |1 |2 |3 |4 |5 |6 |7 |8 |9 |10|11|12|13|14|15|16|17|18|19|20|21|22|23|24|25|26|27|28|29|30|31|32|33|34|35|36|37|38|39|40|41|42|43|44|45|46|47|48|49|                                                   0 |1 |1 |1 |1 |1 |1 |1 |1 |1 |1 |1 |1 |1 |1 |1 |1 |1 |1 |1 |1 |1 |1 |1 |1 |1 |1 |1 |1 |1 |1 |1 |1 |1 |1 |1 |1 |1 |1 |1 |1 |1 |1 |1 |1 |1 |1 |1 |0 |0 |


The Reading direction is Horizontal

The box information is: 
3
3 2 5 47
3
9 1 12 46
3
17 2 20 47
3
24 1 27 46
3
32 2 35 47
3
39 1 42 46
