1st Pass distance transform
                                                                                
                                             1 1 1 1 1 1 1 1 1 1                
                                             1 2 2 2 2 2 2 2 2 1 1              
                                             1 2 3 3 3 3 3 3 2 2 1 1            
                                             1 2 3 4 4 4 4 3 3 2 2 1 1          
                                             1 2 3 4 5 5 4 4 3 3 2 2 1 1        
                                             1 2 3 4 5 5 5 4 4 3 3 2 2 1 1      
                                             1 2 3 4 5 6 5 5 4 4 3 3 2 2 1 1    
                                             1 2 3 4 5 6 6 5 5 4 4 3 3 2 2 1 1  
                                           1 1 2 3 4 5 6 6 6 5 5 4 4 3 3 2 2 1 1
                                             1 2 3 4 5 6 7 6 6 5 5 4 4 3 3 2 2  
                                             1 2 3 4 5 6 7 7 6 6 5 5 4 4 3 3    
       1 1 1 1 1 1 1 1 1 1 1 1 1 1 1 1       1 2 3 4 5 6 7 7 7 6 6 5 5 4 4      
       1 2 2 2 2 2 2 2 2 2 2 2 2 2 2 1       1 2 3 4 5 6 7 8 7 7 6 6 5 5        
       1 2 3 3 3 3 3 3 3 3 3 3 3 3 2 1       1 2 3 4 5 6 7 8 8 7 7 6            
       1 2 3 4 4 4 4 4 4 4 4 4 4 3 2 1       1 2 3 4 5 6 7 8 8 8 7              
       1 2 3 4 5 5 5 5 5 5 5 5 4 3 2 1       1 2 3 4 5 6 7 8 9 8                
       1 2 3 4 5 6 6 6 6 6 6 5 4 3 2 1       1 2 3 4 5 6 7 8 9                  
       1 2 3 4 5 6 7 7 7 7 6 5 4 3 2 1                                          
       1 2 3 4 5 6 7 8 8 7 6 5 4 3 2 1 1 1 1 1 1 1 1 1 1 1 1 1                  
       1 2 3 4 5 6 7 8 8 7 6 5 4 3 2 2 2 2 2 2 2 2 2 2 2 2 2 1                  
       1 2 3 4 5 6 7 8 8 7 6 5 4 3 3 3 3 3 3 3 3 3 3 3 3 3 2 1                  
       1 2 3 4 5 6 7 8 8 7 6 5 4 4 4 4 4 4 4 4 4 4 4 4 4 3 2 1                  
       1 2 3 4 5 6 7 8 8 7 6 5 5 5 5 5 5 5 5 5 5 5 5 5 4 3 2 1                  
       1 2 3 4 5 6 7 8 8 7 6 6 6 6 6 6 6 6 6 6 6 6 6 5 4 3 2 1                  
       1 2 3 4 5 6 7 8 8 7 7 7 7 7 7 7 7 7 7 7 7 7 6 5 4 3 2 1                  
       1 2 3 4 5 6 7 8 8 8 8 8 8 8 8 8                                          
       1 2 3 4 5 6 7 8 9 9 9 9 9 9 9 1                                          
       1 2 3 4 5 6 7 8 91010101010 2 1                                          
                                                                                

2nd Pass distance transform
                                                                                
                                             1 1 1 1 1 1 1 1 1 1                
                                             1 2 2 2 2 2 2 2 2 1 1              
                                             1 2 3 3 3 3 3 3 2 2 1 1            
                                             1 2 3 4 4 4 4 3 3 2 2 1 1          
                                             1 2 3 4 5 5 4 4 3 3 2 2 1 1        
                                             1 2 3 4 5 5 5 4 4 3 3 2 2 1 1      
                                             1 2 3 4 5 6 5 5 4 4 3 3 2 2 1 1    
                                             1 2 3 4 5 6 6 5 5 4 4 3 3 2 2 1 1  
                                           1 1 2 3 4 5 6 6 5 5 5 4 4 3 3 2 2 1 1
                                             1 2 3 4 5 6 5 5 4 4 4 3 3 2 2 1 1  
                                             1 2 3 4 5 5 5 4 4 3 3 3 2 2 1 1    
       1 1 1 1 1 1 1 1 1 1 1 1 1 1 1 1       1 2 3 4 5 5 4 4 3 3 2 2 2 1 1      
       1 2 2 2 2 2 2 2 2 2 2 2 2 2 2 1       1 2 3 4 5 4 4 3 3 2 2 1 1 1        
       1 2 3 3 3 3 3 3 3 3 3 3 3 3 2 1       1 2 3 4 4 4 3 3 2 2 1 1            
       1 2 3 4 4 4 4 4 4 4 4 4 4 3 2 1       1 2 3 3 3 3 3 2 2 1 1              
       1 2 3 4 5 5 5 5 5 5 5 5 4 3 2 1       1 2 2 2 2 2 2 2 1 1                
       1 2 3 4 5 6 6 6 6 6 6 5 4 3 2 1       1 1 1 1 1 1 1 1 1                  
       1 2 3 4 5 6 7 7 7 7 6 5 4 3 2 1                                          
       1 2 3 4 5 6 7 8 8 7 6 5 4 3 2 1 1 1 1 1 1 1 1 1 1 1 1 1                  
       1 2 3 4 5 6 7 8 8 7 6 5 4 3 2 2 2 2 2 2 2 2 2 2 2 2 2 1                  
       1 2 3 4 5 6 7 8 8 7 6 5 4 3 3 3 3 3 3 3 3 3 3 3 3 3 2 1                  
       1 2 3 4 5 6 7 7 7 7 6 5 4 4 4 4 4 4 4 4 4 4 4 4 4 3 2 1                  
       1 2 3 4 5 6 6 6 6 6 6 5 4 3 3 3 3 3 3 3 3 3 3 3 3 3 2 1                  
       1 2 3 4 5 5 5 5 5 5 5 5 4 3 2 2 2 2 2 2 2 2 2 2 2 2 2 1                  
       1 2 3 4 4 4 4 4 4 4 4 4 4 3 2 1 1 1 1 1 1 1 1 1 1 1 1 1                  
       1 2 3 3 3 3 3 3 3 3 3 3 3 3 2 1                                          
       1 2 2 2 2 2 2 2 2 2 2 2 2 2 2 1                                          
       1 1 1 1 1 1 1 1 1 1 1 1 1 1 1 1                                          
                                                                                

Local Maxima
                                                                                
                                                                                
                                                                                
                                                                                
                                                                                
                                                     5 5                        
                                                                                
                                                       6                        
                                                       6 6   5                  
                                           1           6 6   5 5   4   3   2   1
                                                       6                        
                                                                                
                                                     5 5                        
                                                     5                          
                                                                                
                                                                                
                                                                                
                                                                                
                                                                                
                     8 8                                                        
                     8 8                                                        
                     8 8                                                        
                                 4 4 4 4 4 4 4 4 4 4 4 4                        
                                                                                
                                                                                
                                                                                
                                                                                
                                                                                
                                                                                
                                                                                

