
ConnectPass1                                                                      
          1 1 1 1 1 1 1 1 1 1                               2         
          1 1 1 1 1 1 1 1 1 1                     3 3 3     2 2       
                  1 1                           3 3 3 3 3   2         
                  1 1                         3 3       3 2           
                  1 1                       3 3           2 2         
                  1 1                       3 3           2 2         
          4       1 1                       3 3         2 2 2         
            4     1 1                         3 3       2 2           
              4   1 1                           3 3 3 2 2             
                1 1 1 1                           3 2 2               
                1 1 1 1 1                                             
                      1                                               
                    1                 5 5 5                           
                  1                 5 5 5 5 5                         
                1                 5 5 5   5 5 5               6 6     
              1                 5 5           5 5             6 6     
            1                   5 5           5 5                     
      7 7 1       8 8           5 5           5 5             9 9     
      7 1       8 8             5 5           5 5             9 9     
      1 1     8 8       10       5 5           5 5             9 9     
      1 1   8 8           10     5 5 5 5 5 5 5 5 5             9 9     
      1 1   8 8           10     5 5 5 5 5 5 5 5 5             9 9     
      1 1 1 1             10     5 5           5 5             9 9     
      1 1   1 1             10   5 5           5 5             9 9     
      1 1         11         10   5 5           5 5             9 9     
      1 1       11 11         10   5 5           5 5     12 12   9 9 9     
      1 1       11 11         10   5 5           5 5       12 9   9 9     
      1 1       11 11         10                 5         9 9 9 9       
      1 1         11 11     10   10                 5         9 9 9 9     
      1 1           11 11 10       10             5   5     9         9   
                                  10           5     5 5           9   
                                    10       5         5   13           
                                      10   5             5 5           
                                        5               5             

     0  1  2  3  4  5  6  7  8  9  10 11 12 13 
     
EQAry|0  1  2  2  1  5  6  1  1  9  5  10 9  5  


ConnectPass2                                                                      
          1 1 1 1 1 1 1 1 1 1                               2         
          1 1 1 1 1 1 1 1 1 1                     2 2 2     2 2       
                  1 1                           2 2 2 2 2   2         
                  1 1                         2 2       2 2           
                  1 1                       2 2           2 2         
                  1 1                       2 2           2 2         
          1       1 1                       2 2         2 2 2         
            1     1 1                         2 2       2 2           
              1   1 1                           2 2 2 2 2             
                1 1 1 1                           2 2 2               
                1 1 1 1 1                                             
                      1                                               
                    1                 5 5 5                           
                  1                 5 5 5 5 5                         
                1                 5 5 5   5 5 5               6 6     
              1                 5 5           5 5             6 6     
            1                   5 5           5 5                     
      1 1 1       1 1           5 5           5 5             5 5     
      1 1       1 1             5 5           5 5             5 5     
      1 1     1 1       5       5 5           5 5             5 5     
      1 1   1 1           5     5 5 5 5 5 5 5 5 5             5 5     
      1 1   1 1           5     5 5 5 5 5 5 5 5 5             5 5     
      1 1 1 1             5     5 5           5 5             5 5     
      1 1   1 1             5   5 5           5 5             5 5     
      1 1         10         5   5 5           5 5             5 5     
      1 1       10 10         5   5 5           5 5     5 5   5 5 5     
      1 1       10 10         5   5 5           5 5       5 5   5 9     
      1 1       10 10         5                 5         5 5 5 9       
      1 1         10 10     10   5                 5         5 9 9 9     
      1 1           10 10 10       5             5   5     5         9   
                                  5           5     5 5           9   
                                    5       5         5   5           
                                      5   5             5 5           
                                        5               5             

     0  1  2  3  4  5  6  7  8  9  10 11 12 13 
     
EQAry|0  1  2  2  1  5  6  1  1  5  5  10 5  5  


     0  1  2  3  4  5  6  7  8  9  10 11 12 13 
     
EQAry|0  1  2  2  1  3  4  1  1  3  3  3  3  3  


ConnectPass3                                                                      
          1 1 1 1 1 1 1 1 1 1                               2         
          1 1 1 1 1 1 1 1 1 1                     2 2 2     2 2       
                  1 1                           2 2 2 2 2   2         
                  1 1                         2 2       2 2           
                  1 1                       2 2           2 2         
                  1 1                       2 2           2 2         
          1       1 1                       2 2         2 2 2         
            1     1 1                         2 2       2 2           
              1   1 1                           2 2 2 2 2             
                1 1 1 1                           2 2 2               
                1 1 1 1 1                                             
                      1                                               
                    1                 3 3 3                           
                  1                 3 3 3 3 3                         
                1                 3 3 3   3 3 3               4 4     
              1                 3 3           3 3             4 4     
            1                   3 3           3 3                     
      1 1 1       1 1           3 3           3 3             3 3     
      1 1       1 1             3 3           3 3             3 3     
      1 1     1 1       3       3 3           3 3             3 3     
      1 1   1 1           3     3 3 3 3 3 3 3 3 3             3 3     
      1 1   1 1           3     3 3 3 3 3 3 3 3 3             3 3     
      1 1 1 1             3     3 3           3 3             3 3     
      1 1   1 1             3   3 3           3 3             3 3     
      1 1         3         3   3 3           3 3             3 3     
      1 1       3 3         3   3 3           3 3     3 3   3 3 3     
      1 1       3 3         3   3 3           3 3       3 3   3 3     
      1 1       3 3         3                 3         3 3 3 3       
      1 1         3 3     3   3                 3         3 3 3 3     
      1 1           3 3 3       3             3   3     3         3   
                                  3           3     3 3           3   
                                    3       3         3   3           
                                      3   3             3 3           
                                        3               3             

     0  1  2  3  4  5  6  7  8  9  10 11 12 13 
     
EQAry|0  1  2  2  1  3  4  1  1  3  3  3  3  3  

                                                                      
      1 1 1 1 1 1 1 1 1 1 1 1               2 2 2 2 2 2 2 2 2 2       
      1   1 1 1 1 1 1 1 1 1 1               2     2 2 2     2 2       
      1           1 1       1               2   2 2 2 2 2   2 2       
      1           1 1       1               2 2 2       2 2   2       
      1           1 1       1               2 2           2 2 2       
      1           1 1       1               2 2           2 2 2       
      1   1       1 1       1               2 2         2 2 2 2       
      1     1     1 1       1               2 2 2       2 2   2       
      1       1   1 1       1               2   2 2 2 2 2     2       
      1         1 1 1 1     1               2 2 2 2 2 2 2 2 2 2       
      1         1 1 1 1 1   1                                         
      1               1     1                                         
      1         3 3 3 3 3 3 3 3 3 3 3 3 3 3 3 3 3 3 3 3 3 3 3 3 3 3 3 
      1         3 1         1       3 3 3 3 3                       3 
      1         3           1     3 3 3   3 3 3               4 4   3 
      1       1 3           1   3 3           3 3             4 4   3 
      1     1   3           1   3 3           3 3                   3 
      1 1 1     3 1 1       1   3 3           3 3             3 3   3 
      1 1       3 1         1   3 3           3 3             3 3   3 
      1 1     1 3       3   1   3 3           3 3             3 3   3 
      1 1   1 1 3         3 1   3 3 3 3 3 3 3 3 3             3 3   3 
      1 1   1 1 3         3 1   3 3 3 3 3 3 3 3 3             3 3   3 
      1 1 1 1   3         3 1   3 3           3 3             3 3   3 
      1 1   1 1 3           1   3 3           3 3             3 3   3 
      1 1       3 3         1   3 3           3 3             3 3   3 
      1 1       3 3         1   3 3           3 3     3 3   3 3 3   3 
      1 1       3 3         1   3 3           3 3       3 3   3 3   3 
      1 1       3 3         1                 3         3 3 3 3     3 
      1 1       3 3 3     3 1 3                 3         3 3 3 3   3 
      1 1 1 1 1 3 1 1 1 1 1 1   3             3   3     3         3 3 
                3                 3           3     3 3           3 3 
                3                   3       3         3   3         3 
                3                     3   3             3 3         3 
                3 3 3 3 3 3 3 3 3 3 3 3 3 3 3 3 3 3 3 3 3 3 3 3 3 3 3 
