35 35 0 36
0
0
35 35
0 0
1
44
2 6
12 14
2
4
2 31
4 31
3
37
3 23
11 30
4
1
8 6
8 6
5
1
9 7
9 7
6
1
10 8
10 8
7
1
14 11
14 11
8
73
14 17
28 24
9
1
15 10
15 10
10
1
16 9$
16 9
11
4
16 32
16 32
12
1
17 8
17 8
13
1
18 7
18 7
14
33
19 4
31 8
15
8
19 8
23 10
16
33
19 28
29 32
17
1
21 13
21 13
18
3
22 14
24 14
19
5
25 15
29 15
20
12
26 9
30 12
21
1
30 14
30 14
22
1
30 16
30 16
23
1
30 25
30 25
24
1
31 17
31 17
25
2
31 24
31 24
26
1
31 26
31 26
27
1
31 29
31 29
28
2
31 34
31 34
29
1
32 18
32 18
30
3
32 27
32 27
31
1
33 19
33 19
32
1
33 23
33 23
33
4
33 29
35 30
34
1
34 20
34 20
35
1
34 22
34 22
36
1
35 21
35 21
