                                                                                                                                
                                                                                                                                
                                                                                                                                
                                                            1                                                                   
                                                          1 1 1                                                                 
      1 1 1 1                   1 1 1 1                 1 1 1 1 1                                                               
      1 1 1 1 1               1 1 1 1 1               1 1 1 1 1 1 1                                                             
      1 1 1 1 1 1           1 1 1 1 1 1             1 1 1 1 1 1 1 1 1                                                           
      1 1 1 1 1 1 1       1 1 1 1 1 1 1           1 1 1 1 1 1 1 1 1 1 1                                                         
      1 1 1 1 1 1 1 1   1 1 1 1 1 1 1 1         1 1 1 1 1 1 1 1 1 1 1 1 1                                                       
      1 1 1 1 1 1 1 1 1 1 1 1 1 1 1 1 1       1 1 1 1 1 1 1 1 1 1 1 1 1 1 1                                                     
      1 1 1 1 1 1 1 1 1 1 1 1 1 1 1 1 1     1 1 1 1 1 1 1 1 1 1 1 1 1 1 1 1 1                                                   
      1 1 1 1 1 1 1 1 1 1 1 1 1 1 1 1 1   1 1 1 1 1 1 1 1 1 1 1 1 1 1 1 1 1 1 1                                                 
      1 1 1 1 1 1 1 1 1 1 1 1 1 1 1 1 1     1 1 1 1 1 1 1 1 1 1 1 1 1 1 1 1 1                                                   
      1 1 1 1 1 1 1 1 1 1 1 1 1 1 1 1 1       1 1 1 1 1 1 1 1 1 1 1 1 1 1 1                                                     
      1 1 1 1 1 1 1 1 1 1 1 1 1 1 1 1 1         1 1 1 1 1 1 1 1 1 1 1 1 1                       1 1 1 1 1                       
      1 1 1 1 1 1 1 1 1 1 1 1 1 1 1 1 1           1 1 1 1 1 1 1 1 1 1 1                       1 1 1 1 1 1 1                     
      1 1 1 1 1 1 1 1 1 1 1 1 1 1 1 1 1             1 1 1 1 1 1 1 1 1                       1 1 1 1 1 1 1 1 1                   
      1 1 1 1 1 1 1 1 1 1 1 1 1 1 1 1 1               1 1 1 1 1 1 1                       1 1 1 1 1 1 1 1 1 1 1                 
      1 1 1 1 1 1 1 1 1 1 1 1 1 1 1 1 1                 1 1 1 1 1                       1 1 1 1 1 1 1 1 1 1 1 1 1               
      1 1 1 1 1 1 1 1 1 1 1 1 1 1 1 1 1                   1 1 1                         1 1 1 1 1 1 1 1 1 1 1 1 1               
      1 1 1 1 1 1 1 1 1 1 1 1 1 1 1 1 1                     1                           1 1 1 1 1 1 1 1 1 1 1 1 1               
      1 1 1 1 1 1 1 1 1 1 1 1 1 1 1 1 1                     1                           1 1 1 1 1 1 1 1 1 1 1 1 1               
      1 1 1 1 1 1 1 1 1 1 1 1 1 1 1 1 1                   1 1 1                         1 1 1 1 1 1 1 1 1 1 1 1 1               
      1 1 1 1 1 1 1 1 1 1 1 1 1 1 1 1 1                 1 1 1 1 1                         1 1 1 1 1 1 1 1 1 1 1                 
                      1                               1 1 1 1 1 1 1                         1 1 1 1 1 1 1 1 1                   
                      1                             1 1 1 1 1 1 1 1 1                         1 1 1 1 1 1 1                     
                      1                           1 1 1 1 1 1 1 1 1 1 1                         1 1 1 1 1                       
                      1                         1 1 1 1 1 1 1 1 1 1 1 1 1                                                       
                      1                       1 1 1 1 1 1 1 1 1 1 1 1 1 1 1                                                     
                      1                     1 1 1 1 1 1 1 1 1 1 1 1 1 1 1 1 1                                                   
                      1                   1 1 1 1 1 1 1 1 1 1 1 1 1 1 1 1 1 1 1                                                 
                  1 1 1 1 1                 1 1 1 1 1 1 1 1 1 1 1 1 1 1 1 1 1                                                   
                1 1 1 1 1 1 1                 1 1 1 1 1 1 1 1 1 1 1 1 1 1 1                                                     
              1 1 1 1 1 1 1 1 1                 1 1 1 1 1 1 1 1 1 1 1 1 1             1 1 1 1 1 1 1 1 1 1 1 1 1 1 1 1 1 1 1     
            1 1 1 1 1 1 1 1 1 1 1                 1 1 1 1 1 1 1 1 1 1 1             1 1 1 1 1 1 1 1 1 1 1 1 1 1 1 1 1 1 1       
          1 1 1 1 1 1 1 1 1 1 1 1 1                 1 1 1 1 1 1 1 1 1             1 1 1 1 1 1 1 1 1 1 1 1 1 1 1 1 1 1 1         
          1 1 1 1 1 1 1 1 1 1 1 1 1                   1 1 1 1 1 1 1             1 1 1 1 1 1 1 1 1 1 1 1 1 1 1 1 1 1 1           
          1 1 1 1 1 1 1 1 1 1 1 1 1                     1 1 1 1 1             1 1 1 1 1 1 1 1 1 1 1 1 1 1 1 1 1 1 1             
          1 1 1 1 1 1 1 1 1 1 1 1 1                       1 1 1             1 1 1 1 1 1 1 1 1 1 1 1 1 1 1 1 1 1 1               
          1 1 1 1 1 1 1 1 1 1 1 1 1                         1             1 1 1 1 1 1 1 1 1 1 1 1 1 1 1 1 1 1 1                 
            1 1 1 1 1 1 1 1 1 1 1                                       1 1 1 1 1 1 1 1 1 1 1 1 1 1 1 1 1 1 1                   
              1 1 1 1 1 1 1 1 1                                       1 1 1 1 1 1 1 1 1 1 1 1 1 1 1 1 1 1 1                     
                1 1 1 1 1 1 1                                       1 1 1 1 1 1 1 1 1 1 1 1 1 1 1 1 1 1 1                       
                  1 1 1 1 1                                       1 1 1 1 1 1 1 1 1 1 1 1 1 1 1 1 1 1 1                         
                                                                1 1 1 1 1 1 1 1 1 1 1 1 1 1 1 1 1 1 1                           
                                                                                                                                
                                                                                                                                
                                                                                                                                
result of thinning: cycle - 1

                                                                                                                                
                                                                                                                                
                                                                                                                                
                                                            1                                                                   
                                                            1                                                                   
      1                               1                     1                                                                   
        1 1                       1 1                     1 1 1                                                                 
        1 1 1                   1 1 1                   1 1 1 1 1                                                               
        1 1 1 1               1 1 1 1                 1 1 1 1 1 1 1                                                             
        1 1 1 1 1           1 1 1 1 1               1 1 1 1 1 1 1 1 1                                                           
        1 1 1 1 1 1       1 1 1 1 1 1             1 1 1 1 1 1 1 1 1 1 1                                                         
        1 1 1 1 1 1 1 1 1 1 1 1 1 1 1           1 1 1 1 1 1 1 1 1 1 1 1 1                                                       
        1 1 1 1 1 1 1 1 1 1 1 1 1 1 1     1 1 1 1 1 1 1 1 1 1 1 1 1 1 1 1 1 1 1                                                 
        1 1 1 1 1 1 1 1 1 1 1 1 1 1 1           1 1 1 1 1 1 1 1 1 1 1 1 1                                                       
        1 1 1 1 1 1 1 1 1 1 1 1 1 1 1             1 1 1 1 1 1 1 1 1 1 1                                                         
        1 1 1 1 1 1 1 1 1 1 1 1 1 1 1               1 1 1 1 1 1 1 1 1                                                           
        1 1 1 1 1 1 1 1 1 1 1 1 1 1 1                 1 1 1 1 1 1 1                               1 1 1                         
        1 1 1 1 1 1 1 1 1 1 1 1 1 1 1                   1 1 1 1 1                               1 1 1 1 1                       
        1 1 1 1 1 1 1 1 1 1 1 1 1 1 1                     1 1 1                               1 1 1 1 1 1 1                     
        1 1 1 1 1 1 1 1 1 1 1 1 1 1 1                       1                               1 1 1 1 1 1 1 1 1                   
        1 1 1 1 1 1 1 1 1 1 1 1 1 1 1                       1                             1 1 1 1 1 1 1 1 1 1 1                 
        1 1 1 1 1 1 1 1 1 1 1 1 1 1 1                       1                             1 1 1 1 1 1 1 1 1 1 1                 
        1 1 1 1 1 1 1 1 1 1 1 1 1 1 1                       1                             1 1 1 1 1 1 1 1 1 1 1                 
        1 1 1 1 1 1 1 1 1 1 1 1 1 1 1                       1                               1 1 1 1 1 1 1 1 1                   
      1               1               1                     1                                 1 1 1 1 1 1 1                     
                      1                                   1 1 1                                 1 1 1 1 1                       
                      1                                 1 1 1 1 1                                 1 1 1                         
                      1                               1 1 1 1 1 1 1                                                             
                      1                             1 1 1 1 1 1 1 1 1                                                           
                      1                           1 1 1 1 1 1 1 1 1 1 1                                                         
                      1                         1 1 1 1 1 1 1 1 1 1 1 1 1                                                       
                      1                   1 1 1 1 1 1 1 1 1 1 1 1 1 1 1 1 1 1 1                                                 
                      1                         1 1 1 1 1 1 1 1 1 1 1 1 1                                                       
                    1 1 1                         1 1 1 1 1 1 1 1 1 1 1                                                         
                  1 1 1 1 1                         1 1 1 1 1 1 1 1 1                                                     1     
                1 1 1 1 1 1 1                         1 1 1 1 1 1 1                     1 1 1 1 1 1 1 1 1 1 1 1 1 1 1 1 1       
              1 1 1 1 1 1 1 1 1                         1 1 1 1 1                     1 1 1 1 1 1 1 1 1 1 1 1 1 1 1             
            1 1 1 1 1 1 1 1 1 1 1                         1 1 1                     1 1 1 1 1 1 1 1 1 1 1 1 1 1 1               
            1 1 1 1 1 1 1 1 1 1 1                           1                     1 1 1 1 1 1 1 1 1 1 1 1 1 1 1                 
            1 1 1 1 1 1 1 1 1 1 1                           1                   1 1 1 1 1 1 1 1 1 1 1 1 1 1 1                   
              1 1 1 1 1 1 1 1 1                             1                 1 1 1 1 1 1 1 1 1 1 1 1 1 1 1                     
                1 1 1 1 1 1 1                                               1 1 1 1 1 1 1 1 1 1 1 1 1 1 1                       
                  1 1 1 1 1                                               1 1 1 1 1 1 1 1 1 1 1 1 1 1 1                         
                    1 1 1                                               1 1 1 1 1 1 1 1 1 1 1 1 1 1 1                           
                                                                    1 1 1 1 1 1 1 1 1 1 1 1 1 1 1 1                             
                                                                1 1                                                             
                                                                                                                                
                                                                                                                                
                                                                                                                                
result of thinning: cycle - 2

                                                                                                                                
                                                                                                                                
                                                                                                                                
                                                            1                                                                   
                                                            1                                                                   
      1                               1                     1                                                                   
        1                           1                       1                                                                   
          1                         1                       1                                                                   
          1                       1                       1 1 1                                                                 
          1 1                   1 1                     1 1 1 1 1                                                               
          1 1 1               1 1 1                   1 1 1 1 1 1 1                                                             
          1 1 1 1           1 1 1 1                 1 1 1 1 1 1 1 1 1                                                           
          1 1 1 1 1 1 1 1 1 1 1 1 1       1 1 1 1 1 1 1 1 1 1 1 1 1 1 1 1 1 1 1                                                 
          1 1 1 1 1 1 1 1 1 1 1 1 1                 1 1 1 1 1 1 1 1 1                                                           
          1 1 1 1 1 1 1 1 1 1 1 1 1                   1 1 1 1 1 1 1                                                             
          1 1 1 1 1 1 1 1 1 1 1 1 1                     1 1 1 1 1                                                               
          1 1 1 1 1 1 1 1 1 1 1 1 1                       1 1 1                                                                 
          1 1 1 1 1 1 1 1 1 1 1 1 1                         1                                       1                           
          1 1 1 1 1 1 1 1 1 1 1 1 1                         1                                     1 1 1                         
          1 1 1 1 1 1 1 1 1 1 1 1 1                         1                                   1 1 1 1 1                       
          1 1 1 1 1 1 1 1 1 1 1 1 1                         1                                 1 1 1 1 1 1 1                     
          1 1 1 1 1 1 1 1 1 1 1 1 1                         1                             1 1 1 1 1 1 1 1 1 1 1                 
          1 1 1 1 1 1 1 1 1 1 1 1 1                         1                                 1 1 1 1 1 1 1                     
        1             1             1                       1                                   1 1 1 1 1                       
      1               1               1                     1                                     1 1 1                         
                      1                                     1                                       1                           
                      1                                     1                                                                   
                      1                                   1 1 1                                                                 
                      1                                 1 1 1 1 1                                                               
                      1                               1 1 1 1 1 1 1                                                             
                      1                             1 1 1 1 1 1 1 1 1                                                           
                      1                   1 1 1 1 1 1 1 1 1 1 1 1 1 1 1 1 1 1 1                                                 
                      1                             1 1 1 1 1 1 1 1 1                                                           
                      1                               1 1 1 1 1 1 1                                                             
                      1                                 1 1 1 1 1                                                         1     
                    1 1 1                                 1 1 1                                                     1 1 1       
                  1 1 1 1 1                                 1                             1 1 1 1 1 1 1 1 1 1 1 1 1             
                1 1 1 1 1 1 1                               1                           1 1 1 1 1 1 1 1 1 1 1                   
            1 1 1 1 1 1 1 1 1 1 1                           1                         1 1 1 1 1 1 1 1 1 1 1                     
                1 1 1 1 1 1 1                               1                       1 1 1 1 1 1 1 1 1 1 1                       
                  1 1 1 1 1                                 1                     1 1 1 1 1 1 1 1 1 1 1                         
                    1 1 1                                                       1 1 1 1 1 1 1 1 1 1 1                           
                      1                                                       1 1 1 1 1 1 1 1 1 1 1                             
                                                                          1 1 1 1 1 1 1 1 1 1 1 1                               
                                                                    1 1 1                                                       
                                                                1 1                                                             
                                                                                                                                
                                                                                                                                
                                                                                                                                
result of thinning: cycle - 3

                                                                                                                                
                                                                                                                                
                                                                                                                                
                                                            1                                                                   
                                                            1                                                                   
      1                               1                     1                                                                   
        1                           1                       1                                                                   
          1                         1                       1                                                                   
          1                       1                         1                                                                   
          1                       1                         1                                                                   
            1                     1                       1 1 1                                                                 
            1                   1                       1 1 1 1 1                                                               
            1 1               1 1         1 1 1 1 1 1 1 1 1 1 1 1 1 1 1 1 1 1 1                                                 
            1 1 1 1 1 1 1 1 1 1 1                       1 1 1 1 1                                                               
            1 1 1 1 1 1 1 1 1 1 1                         1 1 1                                                                 
            1 1 1 1 1 1 1 1 1 1 1                           1                                                                   
            1 1 1 1 1 1 1 1 1 1 1                           1                                                                   
            1 1 1 1 1 1 1 1 1 1 1                           1                                       1                           
            1 1 1 1 1 1 1 1 1 1 1                           1                                       1                           
            1 1 1 1 1 1 1 1 1 1 1                           1                                       1                           
            1 1 1 1 1 1 1 1 1 1 1                           1                                     1 1 1                         
            1 1 1 1 1 1 1 1 1 1 1                           1                             1 1 1 1 1 1 1 1 1 1 1                 
          1           1           1                         1                                     1 1 1                         
        1             1             1                       1                                       1                           
      1               1               1                     1                                       1                           
                      1                                     1                                       1                           
                      1                                     1                                                                   
                      1                                     1                                                                   
                      1                                     1                                                                   
                      1                                   1 1 1                                                                 
                      1                                 1 1 1 1 1                                                               
                      1                   1 1 1 1 1 1 1 1 1 1 1 1 1 1 1 1 1 1 1                                                 
                      1                                 1 1 1 1 1                                                               
                      1                                   1 1 1                                                                 
                      1                                     1                                                             1     
                      1                                     1                                                       1 1 1       
                      1                                     1                                                 1 1 1             
                    1 1 1                                   1                               1 1 1 1 1 1 1 1 1                   
            1 1 1 1 1 1 1 1 1 1 1                           1                             1 1 1 1 1 1 1                         
                    1 1 1                                   1                           1 1 1 1 1 1 1                           
                      1                                     1                         1 1 1 1 1 1 1                             
                      1                                                             1 1 1 1 1 1 1                               
                      1                                                         1 1 1 1 1 1 1 1                                 
                                                                          1 1 1                                                 
                                                                    1 1 1                                                       
                                                                1 1                                                             
                                                                                                                                
                                                                                                                                
                                                                                                                                
result of thinning: cycle - 4

                                                                                                                                
                                                                                                                                
                                                                                                                                
                                                            1                                                                   
                                                            1                                                                   
      1                               1                     1                                                                   
        1                           1                       1                                                                   
          1                         1                       1                                                                   
          1                       1                         1                                                                   
          1                       1                         1                                                                   
            1                     1                         1                                                                   
            1                   1                           1                                                                   
            1                   1         1 1 1 1 1 1 1 1 1 1 1 1 1 1 1 1 1 1 1                                                 
              1                 1                           1                                                                   
              1 1 1 1 1 1 1 1 1                             1                                                                   
              1 1 1 1 1 1 1 1 1                             1                                                                   
              1 1 1 1 1 1 1 1 1                             1                                                                   
              1 1 1 1 1 1 1 1 1                             1                                       1                           
              1 1 1 1 1 1 1 1 1                             1                                       1                           
              1 1 1 1 1 1 1 1 1                             1                                       1                           
              1 1 1 1 1 1 1 1 1                             1                                       1                           
            1         1         1                           1                             1 1 1 1 1 1 1 1 1 1 1                 
          1           1           1                         1                                       1                           
        1             1             1                       1                                       1                           
      1               1               1                     1                                       1                           
                      1                                     1                                       1                           
                      1                                     1                                                                   
                      1                                     1                                                                   
                      1                                     1                                                                   
                      1                                     1                                                                   
                      1                                     1                                                                   
                      1                   1 1 1 1 1 1 1 1 1 1 1 1 1 1 1 1 1 1 1                                                 
                      1                                     1                                                                   
                      1                                     1                                                                   
                      1                                     1                                                             1     
                      1                                     1                                                       1 1 1       
                      1                                     1                                                 1 1 1             
                      1                                     1                                           1 1 1                   
            1 1 1 1 1 1 1 1 1 1 1                           1                                 1 1 1 1 1                         
                      1                                     1                               1 1 1                               
                      1                                     1                             1 1 1                                 
                      1                                                               1 1 1 1                                   
                      1                                                         1 1 1                                           
                                                                          1 1 1                                                 
                                                                    1 1 1                                                       
                                                                1 1                                                             
                                                                                                                                
                                                                                                                                
                                                                                                                                
result of thinning: cycle - 5

                                                                                                                                
                                                                                                                                
                                                                                                                                
                                                            1                                                                   
                                                            1                                                                   
      1                               1                     1                                                                   
        1                           1                       1                                                                   
          1                         1                       1                                                                   
          1                       1                         1                                                                   
          1                       1                         1                                                                   
            1                     1                         1                                                                   
            1                   1                           1                                                                   
            1                   1         1 1 1 1 1 1 1 1 1 1 1 1 1 1 1 1 1 1 1                                                 
              1                 1                           1                                                                   
              1               1                             1                                                                   
                1 1 1 1 1 1 1                               1                                                                   
                1 1 1 1 1 1 1                               1                                                                   
                1 1 1 1 1 1 1                               1                                       1                           
                1 1 1 1 1 1 1                               1                                       1                           
                1 1 1 1 1 1 1                               1                                       1                           
              1       1       1                             1                                       1                           
            1         1         1                           1                             1 1 1 1 1 1 1 1 1 1 1                 
          1           1           1                         1                                       1                           
        1             1             1                       1                                       1                           
      1               1               1                     1                                       1                           
                      1                                     1                                       1                           
                      1                                     1                                                                   
                      1                                     1                                                                   
                      1                                     1                                                                   
                      1                                     1                                                                   
                      1                                     1                                                                   
                      1                   1 1 1 1 1 1 1 1 1 1 1 1 1 1 1 1 1 1 1                                                 
                      1                                     1                                                                   
                      1                                     1                                                                   
                      1                                     1                                                             1     
                      1                                     1                                                       1 1 1       
                      1                                     1                                                 1 1 1             
                      1                                     1                                           1 1 1                   
            1 1 1 1 1 1 1 1 1 1 1                           1                                     1 1 1                         
                      1                                     1                                 1 1                               
                      1                                     1                               1                                   
                      1                                                               1 1 1 1                                   
                      1                                                         1 1 1                                           
                                                                          1 1 1                                                 
                                                                    1 1 1                                                       
                                                                1 1                                                             
                                                                                                                                
                                                                                                                                
                                                                                                                                
result of thinning: cycle - 6

                                                                                                                                
                                                                                                                                
                                                                                                                                
                                                            1                                                                   
                                                            1                                                                   
      1                               1                     1                                                                   
        1                           1                       1                                                                   
          1                         1                       1                                                                   
          1                       1                         1                                                                   
          1                       1                         1                                                                   
            1                     1                         1                                                                   
            1                   1                           1                                                                   
            1                   1         1 1 1 1 1 1 1 1 1 1 1 1 1 1 1 1 1 1 1                                                 
              1                 1                           1                                                                   
              1               1                             1                                                                   
                1           1                               1                                                                   
                  1 1 1 1 1                                 1                                                                   
                  1 1 1 1 1                                 1                                       1                           
                  1 1 1 1 1                                 1                                       1                           
                1     1     1                               1                                       1                           
              1       1       1                             1                                       1                           
            1         1         1                           1                             1 1 1 1 1 1 1 1 1 1 1                 
          1           1           1                         1                                       1                           
        1             1             1                       1                                       1                           
      1               1               1                     1                                       1                           
                      1                                     1                                       1                           
                      1                                     1                                                                   
                      1                                     1                                                                   
                      1                                     1                                                                   
                      1                                     1                                                                   
                      1                                     1                                                                   
                      1                   1 1 1 1 1 1 1 1 1 1 1 1 1 1 1 1 1 1 1                                                 
                      1                                     1                                                                   
                      1                                     1                                                                   
                      1                                     1                                                             1     
                      1                                     1                                                       1 1 1       
                      1                                     1                                                 1 1 1             
                      1                                     1                                           1 1 1                   
            1 1 1 1 1 1 1 1 1 1 1                           1                                     1 1 1                         
                      1                                     1                                 1 1                               
                      1                                     1                               1                                   
                      1                                                               1 1 1 1                                   
                      1                                                         1 1 1                                           
                                                                          1 1 1                                                 
                                                                    1 1 1                                                       
                                                                1 1                                                             
                                                                                                                                
                                                                                                                                
                                                                                                                                
result of thinning: cycle - 7

                                                                                                                                
                                                                                                                                
                                                                                                                                
                                                            1                                                                   
                                                            1                                                                   
      1                               1                     1                                                                   
        1                           1                       1                                                                   
          1                         1                       1                                                                   
          1                       1                         1                                                                   
          1                       1                         1                                                                   
            1                     1                         1                                                                   
            1                   1                           1                                                                   
            1                   1         1 1 1 1 1 1 1 1 1 1 1 1 1 1 1 1 1 1 1                                                 
              1                 1                           1                                                                   
              1               1                             1                                                                   
                1           1                               1                                                                   
                  1       1                                 1                                                                   
                    1 1 1                                   1                                       1                           
                  1   1   1                                 1                                       1                           
                1     1     1                               1                                       1                           
              1       1       1                             1                                       1                           
            1         1         1                           1                             1 1 1 1 1 1 1 1 1 1 1                 
          1           1           1                         1                                       1                           
        1             1             1                       1                                       1                           
      1               1               1                     1                                       1                           
                      1                                     1                                       1                           
                      1                                     1                                                                   
                      1                                     1                                                                   
                      1                                     1                                                                   
                      1                                     1                                                                   
                      1                                     1                                                                   
                      1                   1 1 1 1 1 1 1 1 1 1 1 1 1 1 1 1 1 1 1                                                 
                      1                                     1                                                                   
                      1                                     1                                                                   
                      1                                     1                                                             1     
                      1                                     1                                                       1 1 1       
                      1                                     1                                                 1 1 1             
                      1                                     1                                           1 1 1                   
            1 1 1 1 1 1 1 1 1 1 1                           1                                     1 1 1                         
                      1                                     1                                 1 1                               
                      1                                     1                               1                                   
                      1                                                               1 1 1 1                                   
                      1                                                         1 1 1                                           
                                                                          1 1 1                                                 
                                                                    1 1 1                                                       
                                                                1 1                                                             
                                                                                                                                
                                                                                                                                
                                                                                                                                
result of thinning: cycle - 8

                                                                                                                                
                                                                                                                                
                                                                                                                                
                                                            1                                                                   
                                                            1                                                                   
      1                               1                     1                                                                   
        1                           1                       1                                                                   
          1                         1                       1                                                                   
          1                       1                         1                                                                   
          1                       1                         1                                                                   
            1                     1                         1                                                                   
            1                   1                           1                                                                   
            1                   1         1 1 1 1 1 1 1 1 1 1 1 1 1 1 1 1 1 1 1                                                 
              1                 1                           1                                                                   
              1               1                             1                                                                   
                1           1                               1                                                                   
                  1       1                                 1                                                                   
                    1 1 1                                   1                                       1                           
                  1   1   1                                 1                                       1                           
                1     1     1                               1                                       1                           
              1       1       1                             1                                       1                           
            1         1         1                           1                             1 1 1 1 1 1 1 1 1 1 1                 
          1           1           1                         1                                       1                           
        1             1             1                       1                                       1                           
      1               1               1                     1                                       1                           
                      1                                     1                                       1                           
                      1                                     1                                                                   
                      1                                     1                                                                   
                      1                                     1                                                                   
                      1                                     1                                                                   
                      1                                     1                                                                   
                      1                   1 1 1 1 1 1 1 1 1 1 1 1 1 1 1 1 1 1 1                                                 
                      1                                     1                                                                   
                      1                                     1                                                                   
                      1                                     1                                                             1     
                      1                                     1                                                       1 1 1       
                      1                                     1                                                 1 1 1             
                      1                                     1                                           1 1 1                   
            1 1 1 1 1 1 1 1 1 1 1                           1                                     1 1 1                         
                      1                                     1                                 1 1                               
                      1                                     1                               1                                   
                      1                                                               1 1 1 1                                   
                      1                                                         1 1 1                                           
                                                                          1 1 1                                                 
                                                                    1 1 1                                                       
                                                                1 1                                                             
                                                                                                                                
                                                                                                                                
                                                                                                                                
